 Array:   4.00000000    
 Array:   2.00000000    
 Array:   1.00000000    
